111,42,1
123,116,1
141,61,1
145,170,1
196,122,1
4,77,1
133,39,10
144,132,10
63,116,10
67,91,10
90,114,10
119,162,100
147,9,100
157,148,100
27,181,100
40,140,100
40,193,100
55,13,100
75,30,100
1,51,101
120,21,101
189,178,101
93,28,101
101,124,102
108,129,102
13,77,102
131,189,102
137,54,102
56,129,102
63,65,102
11,111,103
16,2,103
170,59,103
196,172,103
35,146,103
129,43,104
42,8,104
88,124,104
14,7,105
159,3,105
23,46,105
55,87,105
139,29,106
50,26,106
117,26,107
123,146,107
129,147,107
164,90,107
187,106,107
26,117,107
4,159,107
63,103,107
63,178,107
0,160,108
134,42,108
148,3,108
150,85,108
157,198,108
171,70,108
80,102,108
83,122,108
0,135,109
113,178,109
121,169,109
121,83,109
138,21,109
92,189,109
114,26,11
25,172,11
100,30,110
179,192,110
13,19,111
147,147,111
151,116,111
173,134,111
42,158,111
100,65,112
125,109,112
138,28,112
150,198,112
163,1,112
180,125,112
190,181,112
27,51,112
29,195,112
54,179,112
7,52,112
107,168,113
117,98,113
163,133,113
192,57,113
197,56,113
85,163,113
120,152,114
154,101,114
37,27,114
9,75,114
91,65,114
141,43,115
159,133,115
160,112,115
61,183,115
93,83,115
119,51,116
2,145,116
53,103,116
7,154,116
110,18,117
167,138,117
168,143,117
174,18,117
200,14,117
48,50,117
106,99,118
147,45,118
185,35,118
200,90,118
27,116,118
60,91,118
132,184,119
154,136,119
156,188,119
186,73,119
31,129,119
44,109,119
122,107,12
154,22,12
155,15,12
186,129,12
189,49,12
193,19,12
28,191,12
66,127,12
92,24,12
92,46,12
0,47,120
138,108,120
159,125,120
109,59,121
197,139,121
26,182,121
58,146,121
177,54,122
116,64,123
112,38,124
126,88,124
127,77,124
164,118,124
167,67,124
197,5,124
51,200,124
85,35,124
147,15,125
16,189,125
160,78,125
189,174,125
25,116,125
32,191,125
58,33,125
75,105,125
157,142,126
38,103,126
11,79,127
135,84,127
167,163,127
195,149,127
29,95,127
66,144,127
79,120,127
95,156,127
12,80,128
166,192,128
59,21,128
82,12,128
0,97,129
156,139,129
166,66,129
181,128,129
198,200,129
51,179,129
110,47,13
128,140,13
129,185,13
180,175,13
61,128,13
75,45,13
124,50,130
125,142,130
15,120,130
163,11,130
67,129,130
103,143,131
159,109,131
24,187,131
36,48,131
66,115,131
10,61,132
137,35,132
157,29,132
174,80,132
199,53,132
29,2,132
119,98,133
136,12,133
15,117,133
176,164,133
199,190,133
35,84,133
43,8,133
53,92,133
73,151,133
73,38,133
79,160,133
95,113,133
114,91,134
155,58,134
157,45,134
188,37,134
152,102,135
160,145,135
199,162,135
52,133,135
52,95,135
102,132,136
108,148,137
118,17,137
192,166,137
61,159,137
106,71,138
146,47,138
153,70,138
93,17,138
132,129,139
177,101,139
2,19,139
31,118,139
64,113,139
115,182,14
126,7,14
161,147,14
80,44,14
108,9,140
119,198,140
152,100,140
29,112,140
99,18,140
101,135,141
145,62,141
172,194,141
180,165,141
197,183,141
58,122,141
67,130,141
102,16,142
113,185,142
138,109,142
17,79,142
18,3,142
197,126,142
68,195,142
82,62,142
83,63,142
116,167,143
12,93,143
134,170,143
26,76,143
7,129,143
73,106,143
13,156,144
145,105,144
40,139,144
48,15,144
87,79,144
108,58,145
14,77,145
15,155,145
18,180,145
191,143,145
57,130,145
167,89,146
46,52,146
107,171,147
166,83,147
168,161,147
133,104,148
59,8,148
63,49,148
89,199,148
113,121,149
116,170,149
146,109,149
146,79,149
193,8,15
5,119,15
8,174,15
107,31,150
131,119,150
132,120,150
137,68,150
192,69,150
156,61,151
173,190,151
46,40,151
102,22,152
104,141,152
114,77,152
133,142,152
33,115,152
56,196,152
6,194,152
76,143,152
190,162,153
87,112,153
96,79,153
97,122,153
105,106,154
118,130,154
143,3,154
15,42,154
43,23,154
97,32,154
102,48,155
114,62,155
199,18,155
79,161,155
1,200,156
103,164,156
12,160,156
15,20,156
155,105,156
167,125,156
140,169,157
173,194,157
178,17,157
188,99,157
76,35,157
97,191,157
1,97,158
130,43,158
156,73,158
25,196,158
50,98,158
59,140,158
105,195,159
107,85,159
170,173,159
107,47,16
123,75,16
27,53,16
59,157,16
93,23,16
114,136,160
15,145,160
174,64,160
189,67,160
42,52,160
58,163,160
67,111,160
107,38,161
183,169,161
89,114,161
99,22,161
10,160,162
131,179,162
136,36,162
164,132,162
181,170,162
106,102,163
27,95,163
58,152,163
138,162,164
165,35,164
171,62,164
26,114,164
52,108,164
89,150,164
94,194,164
96,19,165
105,170,166
143,199,166
180,172,166
185,165,166
96,72,166
103,94,167
153,197,167
49,43,167
52,83,167
85,192,167
126,114,168
130,131,168
50,60,168
77,140,168
137,172,169
146,150,169
158,102,169
189,86,169
194,42,169
22,38,169
55,126,169
62,126,169
88,183,169
44,141,17
81,176,17
10,187,170
18,191,170
20,158,170
61,10,170
1,102,171
121,129,171
173,107,171
19,157,171
47,7,171
53,55,171
12,34,172
175,192,172
183,97,172
109,56,173
181,107,173
20,3,173
60,45,173
11,8,174
113,11,174
123,76,174
142,199,174
146,149,174
146,24,174
198,104,174
96,197,174
144,0,175
197,81,175
30,76,175
98,88,175
0,49,176
110,85,176
118,26,176
123,112,176
150,178,176
152,18,176
199,164,176
64,30,176
131,171,177
153,161,177
44,97,177
154,108,178
33,81,178
73,46,178
133,33,179
155,10,179
187,75,179
50,36,179
59,30,179
89,182,179
89,47,179
133,197,18
151,163,18
176,75,18
29,26,18
58,35,18
82,7,18
128,3,180
157,8,180
176,87,180
33,59,180
45,53,180
58,81,180
7,132,180
70,54,180
176,55,181
58,19,181
59,112,181
96,4,181
120,112,182
176,79,182
177,55,182
32,65,182
42,184,182
57,130,182
59,146,182
34,99,183
58,165,183
80,41,183
81,170,183
131,28,184
172,156,184
27,180,184
42,117,184
92,90,184
95,13,184
97,183,184
101,72,185
124,56,185
140,174,185
117,119,186
160,163,186
161,142,186
187,182,186
29,155,186
43,50,186
62,32,186
89,51,186
95,148,186
133,189,187
163,187,187
168,195,187
29,152,187
53,5,187
75,14,187
98,132,187
46,39,188
5,188,188
88,51,188
161,77,189
162,83,189
169,88,189
41,67,189
43,131,189
43,183,189
87,134,189
108,82,19
170,79,19
179,73,19
191,64,19
50,156,19
58,194,19
171,8,190
51,46,190
0,58,191
106,59,191
11,14,191
122,1,191
163,153,191
6,125,191
70,104,191
95,106,191
156,181,192
173,88,192
187,144,192
32,2,192
65,5,192
75,191,192
194,125,193
32,166,193
93,161,193
122,75,194
130,144,194
156,138,194
190,130,194
68,140,194
198,40,195
22,7,195
61,142,195
81,1,195
118,28,196
123,144,196
26,101,196
57,105,196
69,27,196
87,140,196
104,120,197
108,133,197
150,179,197
178,171,197
36,66,197
43,167,197
5,53,197
100,123,198
128,106,198
136,25,198
139,52,198
3,130,198
69,184,198
69,33,198
111,38,199
135,26,199
59,107,199
103,1,2
134,163,2
150,141,20
32,148,20
4,100,20
43,104,20
47,175,20
62,82,20
130,21,200
159,83,200
172,196,200
173,109,200
188,165,200
193,60,200
21,123,200
41,43,200
41,75,200
87,165,200
96,66,200
2,84,21
61,165,21
9,130,21
137,99,22
167,152,22
178,100,22
19,177,22
43,194,22
58,66,22
87,58,22
162,146,23
174,36,23
73,96,23
107,161,24
109,0,24
187,82,24
5,73,24
57,179,24
118,72,25
179,102,25
28,121,25
6,30,25
119,163,26
132,59,26
143,24,26
149,29,26
197,128,26
68,8,26
73,68,26
182,170,27
22,148,27
94,31,27
1,168,28
150,105,28
158,59,28
171,134,28
20,135,28
57,101,28
79,39,28
1,172,29
141,148,29
192,0,29
48,55,29
60,10,29
89,115,29
105,180,3
185,88,3
93,154,3
155,178,30
65,197,30
1,68,31
156,50,31
49,70,31
60,197,31
168,161,32
19,86,32
195,170,32
53,172,32
58,80,32
75,84,32
111,23,33
130,42,33
154,157,33
174,180,33
24,70,33
28,155,33
6,59,33
132,79,34
156,13,34
181,43,34
27,13,34
49,148,34
70,16,34
172,100,35
182,96,35
200,96,35
105,159,36
134,22,36
153,125,36
172,169,36
182,160,36
189,107,36
89,30,36
1,19,37
30,146,37
78,93,37
162,4,38
163,82,38
21,119,38
107,39,39
116,120,39
130,35,39
19,124,39
72,158,39
103,139,4
115,116,4
48,102,4
72,27,4
162,101,40
188,41,40
24,178,40
4,119,40
82,36,40
87,24,40
147,176,41
19,102,41
190,62,41
64,57,41
84,43,41
106,39,42
121,89,42
131,149,42
183,22,42
20,128,42
108,188,43
185,132,43
195,168,43
200,109,43
67,128,43
129,62,44
136,26,44
138,13,44
14,138,44
143,198,44
144,21,44
160,182,44
165,191,44
71,133,44
91,133,44
192,54,45
63,69,45
84,151,45
84,36,45
112,108,46
168,142,46
174,135,46
53,60,46
155,106,47
18,116,47
32,117,47
99,117,47
109,187,48
11,76,48
112,17,48
180,41,48
197,20,49
108,117,5
172,80,5
197,89,5
2,17,5
38,136,5
135,121,50
168,3,50
19,179,50
38,110,50
55,124,50
78,78,50
122,36,51
54,71,51
113,149,52
129,147,52
156,126,52
156,198,52
195,146,52
53,198,52
82,71,52
139,102,54
185,87,54
33,121,54
40,37,54
48,111,54
72,169,54
113,148,55
117,188,55
14,180,55
146,151,55
116,14,56
145,36,56
167,191,56
37,101,56
50,161,56
68,94,56
12,18,57
125,82,57
158,86,57
2,7,57
70,174,57
84,101,57
139,77,58
176,100,58
71,105,58
77,87,58
130,191,59
130,43,59
175,63,59
44,88,59
186,75,6
2,14,60
23,183,60
51,177,60
73,132,60
132,159,61
27,195,61
32,40,61
33,77,61
87,116,61
126,32,62
130,11,62
130,96,62
189,186,62
198,65,62
85,77,62
91,37,62
94,5,62
177,77,63
6,145,63
93,196,63
115,153,64
154,19,64
156,0,64
179,168,64
87,12,64
120,141,65
121,168,65
124,198,65
15,142,65
18,160,65
186,157,65
189,156,65
35,191,65
50,69,65
54,98,65
94,149,65
33,60,66
74,132,66
83,9,66
120,174,67
187,148,67
23,178,67
28,112,67
47,62,67
62,197,67
7,8,67
138,128,68
72,17,68
127,96,69
167,151,69
31,139,69
12,27,7
130,0,7
154,196,7
174,45,7
75,126,7
93,55,7
16,75,70
167,103,70
189,0,70
25,134,70
52,0,70
117,180,71
119,188,71
135,41,71
17,198,71
28,139,71
37,142,71
123,42,72
182,50,72
54,104,72
59,125,72
67,172,72
112,2,73
145,64,73
47,47,73
53,165,73
58,8,73
60,4,73
125,108,74
126,128,74
172,132,74
175,123,74
194,184,74
63,50,74
87,144,74
91,33,74
112,5,75
168,33,75
186,115,75
22,147,75
54,182,75
67,138,75
80,193,75
140,187,76
199,63,76
64,4,76
66,17,76
7,172,76
93,98,76
95,127,76
1,75,77
106,142,77
124,40,77
88,68,77
135,132,78
112,57,79
183,37,79
189,162,79
116,147,8
100,61,80
21,160,80
58,128,80
66,58,80
67,147,80
90,6,80
14,41,81
159,173,81
163,69,81
103,74,82
121,60,82
134,177,82
114,75,83
174,135,83
104,166,84
150,79,84
55,131,84
8,8,84
111,140,85
128,199,85
15,185,85
157,102,85
29,82,85
52,149,85
93,53,85
133,197,86
165,34,86
185,180,86
200,119,86
25,195,86
5,23,86
53,147,86
116,57,87
120,85,87
23,35,87
41,79,87
89,92,87
10,39,88
104,84,88
129,51,88
16,54,88
185,20,88
50,174,88
118,1,89
190,49,89
2,159,9
21,97,9
3,9,9
60,56,9
61,96,9
80,131,9
199,120,90
35,110,90
71,170,90
93,62,90
145,19,91
199,123,91
73,165,91
111,51,92
123,60,92
172,100,92
187,113,92
43,94,92
57,77,92
82,19,92
14,67,93
180,71,93
197,3,93
37,144,93
40,121,93
43,182,93
74,20,93
11,146,94
116,190,94
124,35,94
186,72,94
108,125,95
117,26,95
84,139,95
123,0,96
137,184,96
90,197,96
63,98,97
73,155,97
132,80,98
16,115,98
163,98,98
170,176,98
30,110,98
49,183,98
50,86,98
62,105,98
63,187,98
78,65,98
137,74,99
22,33,99
40,97,99
49,55,99
94,121,99
